0.32094 -0.50815
-0.067229 -0.24753
0.30921 -0.48269
0.42417 -0.093535
0.38857 0.28999
0.39764 -0.21708
-0.38963 -0.43742
-0.32544 0.39185
-0.46004 -0.048874
0.29338 0.10089
0.084363 -0.47624
0.0066081 -0.55197
0.028217 0.42094
0.040193 0.42793
-0.01162 0.21318
-0.15213 0.0622
-0.38582 0.37573
0.39637 -0.33608
0.29504 -0.38493
0.21218 -0.41647
0.17288 -0.27156
0.22797 -0.11241
0.31386 -0.11196
0.38626 -0.022516
-0.30466 -0.12281
0.29906 0.42986
-0.38031 0.21487
-0.37877 0.22903
0.4802 0.21089
0.38766 0.42693
0.36314 -0.062449
0.36236 -0.43584
0.51834 -0.022179
-0.39472 0.22825
-0.30712 -0.11003
-0.26482 -0.33776
-0.23754 0.29063
0.017077 0.43243
0.22802 0.43685
0.28016 0.36214
0.23533 -0.48933
0.52675 0.46976
0.2712 -0.11694
0.52152 -0.31812
-0.45219 -0.35396
-0.39381 -0.34076
-0.3747 0.10499
-0.4319 0.054013
0.37851 0.07684
0.023932 -0.11073
0.046107 0.017913
0.36591 -0.37758
0.44466 -0.041469
0.43568 -0.058019
0.46121 -0.19752
0.44254 -0.22462
0.43592 -0.4288
-0.50815 -0.023151
-0.27007 -0.1992
-0.027043 0.088541
-0.083105 -0.41336
-0.26403 0.19702
-0.3902 -0.18517
-0.50923 0.24874
0.41842 -0.51805
0.45166 -0.57881
-0.45308 -0.34422
-0.35816 0.33508
-0.44359 -0.45584
-0.48513 -0.30032
-0.39551 -0.50289
-0.16348 0.22601
0.42028 -0.026157
-0.42681 0.086881
-0.4734 0.24163
-0.45465 0.15845
-0.2985 -0.052619
0.42629 0.20145
0.077948 0.34066
0.14662 0.014101
0.40216 -0.5339
0.37976 0.21416
0.23208 0.20336
0.052901 -0.32935
0.081296 -0.010235
0.42039 -0.24575
0.51203 -0.32312
0.26783 -0.31383
-0.059644 0.33597
-0.060148 0.19387
0.16713 0.36743
0.31605 -0.50251
0.33614 -0.50592
0.32877 -0.45649
0.30551 -0.46074
0.21032 -0.35166
0.1123 0.10216
0.032769 0.28021
-0.10592 -0.0047651
-0.28942 -0.19442
-0.31567 -0.42261
-0.1671 0.40982
-0.12379 -0.27945
-0.04387 -0.094264
0.29342 0.25162
0.36904 -0.37545
0.1781 -0.12157
0.26502 -0.0038925
-0.42784 -0.016886
-0.33994 -0.2174
-0.49694 -0.079536
0.29328 -0.16794
0.29875 -0.51787
0.30407 -0.55706
0.25125 0.37505
0.087751 0.31578
-0.045848 -0.56917
-0.20312 0.36795
-0.24226 0.26299
-0.2645 0.18356
-0.31746 -0.21737
-0.35023 -0.278
-0.32565 -0.22231
-0.19274 -0.32845
0.086507 -0.39595
0.131 -0.30191
-0.045957 -0.22322
-0.35499 0.28177
-0.41911 -0.44778
-0.45162 0.44228
0.44961 0.22553
0.29901 -0.1769
0.16585 -0.40472
0.14835 0.3676
0.24682 -0.019322
0.30641 0.052761
0.36408 0.12106
-0.43311 -0.032328
-0.39582 0.073746
-0.38116 -0.52063
-0.083135 0.30835
0.43974 0.14309
-0.27054 0.14136
-0.36622 0.060469
-0.48535 -0.3056
-0.48994 -0.22129
-0.50407 -0.38884
-0.50701 -0.37683
0.45454 -0.39378
0.27769 -0.22726
0.21821 0.13522
0.21853 0.0964
0.34399 0.09973
0.42788 0.0126
0.46836 -0.40867
0.36995 -0.22703
0.23107 -0.18218
0.28031 -0.44263
0.3176 -0.55229
0.37334 -0.52005
0.38881 -0.30244
0.32105 -0.078858
0.30441 -0.42008
0.40669 0.36815
-0.49395 -0.083939
0.46825 0.050302
0.48083 -0.31893
-0.508 -0.46445
0.47411 0.26364
0.44341 -0.21585
0.41453 -0.18425
0.35544 -0.037231
0.34691 -0.062325
0.41168 0.09713
-0.24582 -0.32584
-0.17408 0.21173
-0.34894 0.28416
-0.17416 -0.52508
-0.27289 -0.46923
-0.066952 0.097444
-0.12124 0.32917
-0.39186 -0.29163
-0.43166 -0.28886
-0.25343 0.072463
-0.2494 0.011424
-0.42441 -0.13948
0.22957 0.27171
0.074878 0.35097
0.023913 -0.39462
-0.14078 0.071067
-0.29408 0.41992
-0.28383 0.44903
-0.12928 -0.12038
0.12167 -0.22183
0.18694 -0.3102
0.19397 -0.39474
0.058633 0.23621
-0.16742 0.063641
-0.16351 0.012333
-0.19709 0.31496
-0.49083 0.18372
-0.42162 -0.17888
-0.27274 0.13001
-0.14423 -0.11296
-0.056469 -0.2135
-0.020589 -0.51009
-0.17273 0.40926
-0.10871 -0.14231
0.07145 0.01163
0.090766 -0.53731
0.1986 -0.36824
0.50635 -0.40175
-0.077493 0.077685
-0.012232 0.08855
-0.1116 0.31869
-0.1858 0.34331
-0.46937 0.37768
0.20336 0.23326
0.0082438 0.15404
-0.078802 0.22755
-0.22817 -0.024678
-0.32877 -0.30055
-0.32062 -0.0016276
-0.29115 0.090848
-0.046953 -0.081575
0.056853 0.095284
-0.021603 0.14688
0.012049 0.053341
0.16071 -0.051984
0.17869 -0.10445
0.052593 0.013687
0.099792 -0.16547
0.19266 -0.43728
0.14305 -0.2834
-0.066004 -0.063706
-0.11501 0.065631
-0.24168 -0.43578
0.2053 0.16411
-0.48966 -0.448
-0.0029773 0.064325
-0.037417 -0.31307
0.11519 -0.25646
0.40164 -0.32249
-0.48027 -0.32387
-0.45827 -0.55426
-0.50506 0.0017945
0.35265 -0.054391
0.17178 0.15057
0.21303 -0.77895
0.38611 -0.026948
0.45818 -0.42865
-0.42287 -0.42031
-0.35499 -0.49341
-0.37079 -0.80892
-0.40278 0.16714
0.22684 -0.697
0.10075 0.22824
0.14118 0.20302
0.27605 -0.074376
0.41465 -0.57191
0.45568 -0.46074
-0.27223 -0.1676
0.14508 -0.71204
-0.014919 -0.52063
-0.21785 -0.21212
-0.27404 0.12313
-0.29267 -0.16526
-0.38566 -0.29837
-0.41614 -0.33075
-0.24092 -0.22065
-0.12142 0.041597
-0.11162 -0.15367
-0.23486 -0.36853
-0.38008 -0.29592
-0.39821 -0.57621
-0.3519 -0.33811
-0.38611 -0.50592
-0.47219 -0.60871
-0.47761 -0.52609
-0.43452 -0.25298
-0.35889 -0.58335
-0.30133 -0.040467
-0.31813 -0.45698
-0.20114 -0.305
0.10735 0.050487
0.37722 -0.10473
0.48431 -0.13205
-0.49627 -0.31784
-0.46536 -0.54727
-0.51224 -0.70064
0.21873 -0.54562
0.047677 0.075697
-0.0067759 -0.27218
-0.11967 0.1699
-0.11778 0.20091
-0.022328 -0.14331
-0.069007 -0.19191
-0.19771 -0.12158
-0.073279 -0.13159
-0.0040047 0.0086919
-0.16526 -0.55492
-0.11218 -0.61557
0.20759 0.1256
0.29895 0.25712
0.32637 -0.42536
-0.44063 -0.50234
-0.11796 -0.53455
-0.18093 -0.53462
-0.51814 -0.011261
0.307 0.15802
0.018724 -0.512
-0.16562 -0.58871
-0.21359 -0.0071413
-0.2025 -0.40104
-0.12624 -0.47224
0.003169 -0.36729
0.084926 -0.11931
0.20408 -0.15506
0.35357 -0.36391
0.39053 -0.31293
0.41289 -0.56035
-0.49205 -0.14255
-0.31493 -0.41046
-0.20779 -0.54952
-0.18453 -0.46136
-0.24168 -0.33092
-0.2777 -0.28598
-0.36537 -0.53487
0.39256 -0.73031
0.1355 -0.70703
-0.12431 -0.56498
-0.24571 -0.50582
-0.1883 -0.56895
-0.064935 -0.58586
0.016651 -0.65497
0.28574 -0.11643
0.41157 -0.2179
0.44713 0.017096
0.44802 0.069077
-0.49519 0.15612
-0.45876 -0.7175
-0.44534 -0.73433
-0.4496 -0.71051
0.36056 -0.249
0.30679 -0.21156
0.30703 -0.34572
0.29754 0.082533
0.36097 0.15821
0.43036 -0.34477
0.21309 -0.29682
-0.1176 -0.37233
-0.063505 -0.66611
0.022876 -0.64509
0.025219 -0.73891
-0.00032468 0.030555
0.022432 -0.39994
0.094334 0.08725
0.20827 -0.75001
-0.43718 -0.59742
-0.12221 -0.73025
-0.016988 0.039534
0.015139 -0.14662
-0.094023 -0.15156
-0.10583 -0.19547
-0.041709 -0.33276
-0.21619 -0.42867
-0.51933 -0.39012
0.38889 -0.34312
0.36283 -0.43247
0.43961 -0.44888
0.45427 -0.50389
0.33738 -0.49045
0.11168 -0.14962
0.15945 -0.053629
0.44512 -0.41952
-0.50489 -0.4313
-0.47493 -0.2856
-0.4421 -0.26898
-0.4841 -0.49675
0.2113 -0.46098
-0.27213 0.18438
-0.40561 -0.38231
-0.35026 -0.74936
-0.1799 -0.64569
-0.15693 -0.79465
-0.23936 -0.31637
-0.39289 -0.10777
-0.32273 -0.50633
-0.18042 0.18869
-0.25165 -0.71882
-0.46321 -0.0084875
-0.39482 0.24201
0.054374 -0.14594
0.30851 -0.23211
0.35655 -0.28793
0.316 -0.66584
0.27408 -0.72979
0.13611 -0.76431
-0.1224 0.029634
-0.26557 0.053041
-0.37021 0.099598
-0.33175 -0.040459
-0.17234 -0.42299
-0.1047 -0.25431
-0.15461 0.094256
-0.166 0.14836
-0.13482 0.16359
-0.070343 -0.61028
0.036706 0.028014
0.28826 -0.20447
0.36254 -0.84289
0.41471 -0.80748
-0.48575 0.050952
-0.50788 -0.35399
0.23492 -0.49549
0.0026928 -0.71335
-0.19866 -0.71599
-0.25947 0.21137
-0.19584 -0.10517
-0.12738 -0.0027378
-0.13118 0.27468
-0.11165 0.19079
0.098069 -0.036051
0.28188 -0.10379
0.35162 -0.027681
0.42555 -0.034419
-0.52377 0.11317
-0.45241 -0.58858
-0.4416 -0.48031
-0.54199 0.057315
0.44206 -0.70986
0.3939 -0.050643
0.19381 0.041778
0.046744 -0.64196
0.027052 -0.64707
0.049653 -0.55105
0.073185 -0.0022494
0.2702 -0.82567
-0.42455 0.12016
-0.36515 -0.028914
-0.35275 -0.17254
-0.54708 -0.005827
-0.031569 -0.70183
-0.12651 0.058922
-0.11176 -0.4454
-0.10444 -0.54118
-0.06491 -0.50597
0.13911 -0.35885
0.23086 -0.71214
0.26301 0.019174
0.26337 -0.66417
0.26661 -0.16167
0.30137 -0.059818
0.47037 -0.33709
-0.44727 -0.63881
-0.43685 -0.85559
-0.2281 -0.19822
0.069718 -0.40864
0.059876 -0.46742
-0.10978 -0.37824
-0.15547 -0.12775
-0.15506 0.089518
-0.10827 0.018614
0.15721 -0.09036
0.4568 -0.12707
-0.43609 -0.57084
-0.31385 -0.0046796
-0.26547 0.032296
-0.086959 -0.056142
-0.038873 -0.055151
-0.27192 -0.82465
-0.37029 0.065696
-0.32674 0.080337
-0.18173 -0.63477
0.066275 0.031565
0.21472 -0.84441
0.1618 -0.80014
0.16554 -0.31535
0.23945 -0.32129
0.22209 -0.69203
0.1482 0.167
0.17731 -0.72944
0.15203 -0.48769
0.0093597 -0.33903
-0.050164 -0.22567
-0.077133 -0.31337
-0.031234 -0.46915
0.15385 0.057386
0.2404 -0.28003
0.17932 -0.19764
0.010237 -0.12976
0.10014 -0.73496
0.089631 -0.77644
0.043528 0.08214
0.10418 0.14676
0.22778 0.011393
0.40035 -0.68007
-0.34225 -0.79439
-0.28885 -0.29641
-0.39216 -0.059864
0.29708 0.17958
0.1564 0.13978
-0.11451 -0.5757
-0.30942 -0.35125
-0.30241 -0.20722
-0.22367 -0.17053
-0.15289 -0.14593
0.057892 -0.080352
0.47213 -0.38899
0.44978 -0.63799
0.060494 -0.25597
-0.17491 -0.28917
-0.17944 -0.68087
-0.15362 -0.77134
-0.13737 -0.77195
0.023524 0.15376
0.13421 -0.12792
0.14791 -0.35031
0.040893 -0.13318
-0.21372 -0.35851
-0.24706 -0.28033
-0.18198 0.12756
-0.23348 -0.061999
-0.23462 -0.079445
-0.22094 -0.022569
-0.23145 -0.5778
-0.23534 -0.64722
-0.22639 0.066519
-0.23335 0.19707
-0.13759 0.19685
0.12693 -0.78826
0.35527 -0.25812
0.45938 -0.32797
-0.45617 -0.15531
-0.48048 -0.081603
0.4041 -0.50669
0.3435 -0.49151
0.31293 -0.64859
0.10146 -0.78053
-0.25641 -0.71706
-0.35698 -0.69459
-0.29324 -0.76697
-0.1308 0.14654
-0.087102 -0.18974
-0.069877 -0.3102
-0.02284 -0.072388
-0.12521 -0.075004
-0.14727 -0.076838
-0.13541 0.027861
-0.12465 0.12203
0.070061 -0.034808
0.08941 -0.10865
-0.1254 -0.049922
-0.28066 0.053023
-0.30265 -0.63616
-0.336 -0.57669
-0.34889 0.060358
-0.30856 -0.13
-0.31133 -0.21771
-0.37147 -0.27561
-0.52611 0.095659
-0.51665 -0.75428
-0.28612 -0.040291
-0.22671 -0.068569
-0.19879 -0.64351
0.014873 -0.36576
0.28817 -0.60041
0.27587 -0.7859
0.22869 0.095086
0.16573 -0.35423
-0.0012231 -0.33591
-0.42025 -0.044328
-0.50792 -0.34935
-0.52978 -0.39058
-0.54114 0.13252
-0.51544 -0.31146
-0.40825 -0.75007
-0.10067 -0.33912
-0.023336 -0.11367
-0.037852 0.062496
-0.071141 0.13359
-0.091826 -0.7974
-0.12235 -0.045703
-0.1606 -0.25036
-0.22947 0.10447
-0.20954 -0.69686
0.025182 -0.11347
-0.0018905 -0.092617
-0.31789 -0.68699
-0.37617 -0.65786
-0.23194 -0.76566
0.088916 -0.12548
0.30861 -0.77227
0.39443 0.080384
-0.52096 0.12035
-0.44689 -0.51768
-0.32762 -0.84435
-0.28829 -0.64616
-0.27664 -0.59174
-0.2316 -0.46054
