0.013254 -0.049835
0.059969 -0.15034
-0.18492 0.19323
-0.18436 0.16141
-0.2239 0.1697
-0.046186 -0.037731
0.11227 -0.34305
-0.11646 0.079088
-0.15043 0.019205
-0.25549 0.15924
-0.1478 0.039488
0.016991 -0.2852
0.00097375 -0.13219
-0.073178 -0.12071
-0.17737 0.08366
-0.12679 0.057089
-0.019176 -0.20563
0.11397 -0.25768
0.05275 -0.22796
-0.12039 0.095235
-0.070147 5.6142e-05
0.05173 -0.20638
0.23284 -0.36828
0.091432 -0.20025
-0.070671 0.11038
-0.036233 0.016991
0.052072 -0.083378
0.26578 -0.40167
0.049847 -0.076
-0.0088028 0.090967
-0.040408 0.054535
0.070205 -0.051019
0.25117 -0.36778
-0.0028818 0.075867
-0.0001446 0.090037
-0.083778 0.19476
0.18855 -0.18362
0.19722 -0.17539
-0.035207 0.1871
-0.021796 0.14576
0.096831 0.055311
0.35564 -0.39089
0.1265 0.053494
-0.048627 0.5074
-2.0416 2.8563
-2.9745 3.6613
-2.9259 3.5114
-2.6637 3.3854
-2.9488 3.8269
-2.9938 3.6131
-2.1177 2.5375
-2.5583 3.4648
-2.7721 3.7147
-2.6219 3.1518
-2.1191 2.3128
-2.2112 2.8803
-2.7591 3.7286
-2.4725 2.8328
-2.3898 2.6954
-2.5134 3.0159
-2.4323 3.1535
-2.7506 3.4559
-2.6045 3.0823
-2.1321 2.3649
-2.5084 3.2185
-2.3421 3.2005
-2.4917 3.3459
-2.594 3.2612
-2.0806 2.4188
-2.097 2.6026
-2.4539 3.2973
-2.1882 3.174
-2.2508 3.4573
-2.6203 3.6218
-2.4553 2.997
-2.1714 2.7775
-2.088 2.7319
-2.2546 3.0425
-2.0746 2.8698
-2.5497 3.7508
-2.8853 3.8443
-2.755 3.4834
-2.3525 2.8906
-2.5976 3.6062
-2.9053 4.21
-2.7097 3.7428
-2.2569 2.9248
-2.1712 2.9518
-2.41 3.4333
-2.3841 3.3553
-2.5627 3.4112
-2.4613 3.0876
-2.0595 2.5161
-2.0765 2.62
-2.3694 3.2866
-2.3013 3.1641
-2.3025 3.0788
-2.1536 2.6922
-2.0791 2.5464
-1.6448 2.0473
-1.6357 2.2159
-1.8021 2.5478
-1.7605 2.4552
-1.3881 1.6229
-0.84043 0.72243
-0.5912 0.2479
-0.74878 0.70705
-0.67655 0.45936
-0.70429 0.51552
-0.65922 0.49215
-0.70314 0.53717
-0.34232 -0.019121
-0.26879 -0.07074
-0.44844 0.4017
-0.46262 0.36741
-0.56879 0.56976
-0.52672 0.49276
-0.6542 0.73469
-0.62202 0.6436
-0.69115 0.73963
-0.46355 0.34186
-0.39007 0.2472
-0.38095 0.36411
-0.49411 0.50809
-0.31325 0.19612
-0.20104 -0.035302
-0.31532 0.32844
-0.42697 0.46393
-0.51036 0.60138
-0.50979 0.58048
-0.59976 0.64318
-0.47684 0.33712
-0.37213 0.17555
-0.33515 0.17301
-0.52088 0.5539
-0.44959 0.44099
-0.59469 0.66373
-0.54351 0.51608
-0.60836 0.65132
-0.44126 0.30796
-0.33424 0.20419
-0.27898 0.23759
-0.40425 0.49382
-0.43678 0.59042
-0.47395 0.61421
-0.55318 0.66832
-0.42759 0.3929
-0.2605 0.26781
-0.23195 0.3018
-0.39414 0.63254
-0.40639 0.50409
-0.44392 0.59925
-0.14131 0.1553
-0.14432 0.16673
-0.23076 0.30176
-0.32471 0.43142
-0.25577 0.39008
-0.086549 0.1015
-0.22165 0.32735
-0.76816 1.5776
-2.3076 3.4529
-2.9203 3.6222
-3.0633 3.6897
-2.8111 3.4486
-2.6975 3.4075
-3.0825 4.2115
-2.906 4.1446
-2.4612 3.3392
-2.3816 3.1606
-2.6566 3.7616
-2.7158 3.6574
-2.3731 2.9782
-2.1108 2.7266
-2.3372 3.3042
-2.4005 3.3285
-2.5222 3.2658
-2.2855 2.9252
-1.7127 2.4869
-2.0479 3.2041
-2.2266 3.3612
-1.972 2.8544
-2.0642 2.895
-1.8195 2.5065
-1.5887 2.2371
-1.6279 2.3297
-1.7108 2.4102
-1.5161 2.0982
-1.5391 2.2024
-1.5892 2.3313
-1.6648 2.3445
-1.5979 2.1995
-1.3688 1.7334
-1.2395 1.6301
-1.2756 1.6676
-1.2857 1.7753
-1.0617 1.1489
-0.80151 0.83801
-0.6775 0.6842
-0.68601 0.79077
-0.58858 0.62944
-0.60245 0.68841
-0.58004 0.61165
-0.59338 0.62412
-0.55414 0.5781
-0.36161 0.13691
-0.24889 0.036609
-0.26143 0.13695
-0.38857 0.43951
-0.41418 0.35172
-0.43859 0.49101
-0.39978 0.45324
-0.43036 0.42177
-0.30565 0.2043
-0.14413 -0.17014
-0.28747 0.2502
-0.32053 0.22942
-0.38405 0.45957
-0.3073 0.33829
-0.37319 0.38564
-0.16341 0.073469
-0.02888 -0.24967
-0.071088 -0.021547
-0.090238 -0.0093078
-0.17714 0.23341
-0.15266 0.09103
-0.14475 0.17024
0.048941 -0.03277
-2.0051 3.2502
-3.0026 3.9664
-2.9024 3.5594
-2.7078 3.4834
-2.6518 3.368
-2.6616 3.3873
-3.0984 4.2234
-2.4709 4.1493
-2.4243 3.0491
-2.2351 3.4759
-2.8303 4.077
-2.3772 3.3619
-2.2852 2.6967
-2.1959 3.3025
-2.4353 3.1271
-2.1768 2.9015
-2.0739 2.2596
-2.0629 2.4631
-2.3474 3.2293
-2.3924 3.0352
-2.2957 2.6338
-2.1078 2.401
-1.7274 2.1133
-1.5546 1.8807
-1.9865 2.8373
-2.0041 2.8327
-2.1634 2.7573
-2.2184 2.8187
-2.1636 2.862
-1.8108 2.5548
-2.0361 2.8946
-1.8499 3.2063
-1.7003 3.1587
-2.4471 3.5592
-2.1959 3.3509
-2.0482 2.8546
-1.7672 2.5682
-1.8714 3.1976
-1.9587 3.4454
-2.1603 3.1224
-1.9843 2.6999
-2.1621 3.5414
-1.9986 3.5391
-2.0332 3.4221
-2.0173 3.543
-1.6731 3.1917
-1.4999 2.8651
-1.5661 2.6474
-1.4372 2.3844
-1.2748 2.6349
-1.2963 2.8051
-1.2278 2.6489
-0.86105 1.9272
-0.042861 0.13342
-0.47706 1.1428
-1.001 1.8474
-1.16 1.7524
-0.19484 -0.39999
0.029076 -0.74748
0.27055 -1.1927
0.41201 -1.535
0.72558 -1.9004
0.96171 -2.5464
0.72009 -2.6637
0.63407 -1.9275
0.49795 -1.5265
0.34096 -1.3314
0.075472 -0.69508
0.052126 -0.68639
-0.014843 -0.69653
-0.27932 -0.38439
-0.47726 0.21682
-0.64447 0.85283
-0.71474 0.98484
-0.51252 0.6054
-0.34369 0.26257
-0.41861 0.54889
-0.46888 0.49868
-0.54396 0.70276
-0.55588 0.61357
-0.63146 0.78691
-0.38885 0.31523
-0.34347 0.20023
-0.39421 0.31739
-0.49587 0.50272
-0.47544 0.54788
-0.49823 0.46685
-0.31421 0.26896
-0.21708 -0.021261
-0.37852 0.42718
-0.42079 0.41274
-0.5496 0.63285
-0.5134 0.55597
-0.57029 0.66016
-0.55207 0.6293
-0.47087 0.45357
-0.32536 0.25604
-0.22187 0.035966
-0.35062 0.46359
-0.36404 0.41911
-0.44591 0.57165
-0.3691 0.461
-0.25642 0.22286
-0.1009 -0.010131
-0.10286 0.008487
-0.24597 0.40095
-0.27026 0.35242
-0.41027 0.60366
-0.34305 0.50205
-0.39013 0.54737
-0.34185 0.51945
-0.24785 0.21529
-0.1077 0.07602
-0.051144 -0.056215
-0.19287 0.29039
-0.15939 0.18123
-0.13069 0.15532
0.081674 -0.2258
0.10103 -0.33163
-0.039703 0.06073
-0.071584 -0.0041719
-0.15745 0.18926
-0.06654 -0.041781
0.058237 -0.28681
0.16484 -0.41748
-0.00069912 -0.21447
-0.071061 0.019755
-0.026628 -0.19014
0.10869 -0.32986
0.2388 -0.52136
0.01477 -0.21028
-0.02514 -0.097855
-0.051168 -0.14607
0.038204 -0.22998
0.21546 -0.57426
0.0079162 -0.19192
0.0015084 -0.19572
-0.063118 -0.094746
0.061364 -0.25133
0.24132 -0.56949
0.12714 -0.34931
0.11969 -0.27228
0.062922 -0.24041
0.077458 -0.14779
0.28919 -0.62019
0.29308 -0.57899
0.18464 -0.3344
0.13922 -0.37086
0.12982 -0.25332
0.31116 -0.47576
0.41265 -0.77155
0.35661 -0.58565
0.29302 -0.42166
0.22675 -0.46337
0.20248 -0.383
0.43855 -0.7006
0.45134 -0.82583
0.26499 -0.43462
0.26222 -0.48672
0.18241 -0.42676
0.20346 -0.35022
0.44652 -0.79963
0.42233 -0.75999
0.27556 -0.45854
0.2058 -0.47312
0.2089 -0.41007
0.22232 -0.28054
0.28998 -0.54669
0.4382 -0.80949
0.47542 -0.65311
0.42952 -0.63609
0.35665 -0.58599
0.29992 -0.44115
0.54586 -0.87521
0.55759 -0.96893
0.42931 -0.60776
0.41517 -0.63707
0.36364 -0.58628
0.41234 -0.56843
0.59459 -1.0281
0.52335 -0.84651
0.44671 -0.68077
0.37158 -0.65872
0.38931 -0.60983
0.58903 -1.0685
0.43897 -0.71772
0.3831 -0.66091
0.32272 -0.61742
0.42004 -0.68978
0.576 -1.0721
0.41914 -0.69281
0.35894 -0.68071
0.30791 -0.59398
0.35978 -0.68668
0.57816 -1.0713
0.47844 -0.75943
0.42868 -0.75118
0.29281 -0.63021
0.40201 -0.67817
0.5413 -1.0352
0.53518 -0.90963
0.49372 -0.84068
0.40943 -0.70558
0.41583 -0.60234
0.50196 -0.89018
0.65265 -1.1591
0.66168 -0.8256
0.61994 -0.82829
0.54804 -0.81719
0.5442 -0.7139
0.74694 -1.0301
0.82994 -1.2934
0.71143 -0.91547
0.61648 -0.69339
0.5033 -0.70091
0.45032 -0.59758
0.46319 -0.52078
0.46977 -0.63379
0.51548 -0.70313
0.60443 -0.82995
0.71134 -1.1569
0.58194 -0.83873
0.50394 -0.58073
0.53024 -0.73138
0.51077 -0.7059
0.59631 -0.75057
0.75887 -1.1905
0.64729 -0.91431
0.57966 -0.76589
0.54843 -0.80533
0.49537 -0.63906
0.69043 -1.054
0.75242 -1.1978
0.66316 -0.90258
0.61073 -0.93575
0.53717 -0.7171
0.67837 -1.0269
0.752 -1.2538
0.71068 -1.0397
0.61956 -1.0133
0.55129 -0.76201
0.67905 -1.0831
0.76895 -1.2556
0.69874 -1.0393
0.60794 -0.99142
0.53762 -0.77564
0.7881 -1.2882
0.60418 -0.85974
0.46125 -0.67152
0.25103 -0.50312
0.36177 -0.58457
0.65225 -1.1281
0.48166 -0.71836
0.40909 -0.65445
0.46027 -0.79678
0.67242 -1.0599
0.5636 -0.89528
0.38509 -0.55452
0.43051 -0.69064
0.54323 -0.90537
0.59715 -0.94847
0.3727 -0.63671
0.23592 -0.46123
0.25481 -0.53836
0.27846 -0.51253
0.53213 -1.0051
0.35311 -0.68317
0.20955 -0.39632
0.15128 -0.42247
0.096551 -0.18798
0.085478 -0.19134
-0.057692 -0.1658
-0.031622 -0.14976
0.031457 0.034154
0.11833 -0.15105
0.10059 -0.22522
0.36602 -0.57254
0.52615 -0.59627
0.41333 -0.5358
0.32676 -0.43581
0.30374 -0.17882
0.34063 -0.31507
0.31447 -0.27189
0.25336 -0.13137
0.4788 -0.6171
0.52822 -0.68342
0.46463 -0.54003
0.38993 -0.44148
0.32949 -0.17145
0.30575 -0.26012
0.20542 -0.036382
0.21121 -0.090485
0.11088 -0.052681
0.01759 0.20927
0.090197 0.050423
0.035194 0.19061
0.079346 0.08064
0.2247 -0.27689
0.37708 -0.41156
0.34895 -0.33942
0.18634 0.054774
0.22569 -0.014834
0.19016 -0.005686
0.070228 0.17046
0.14278 0.028842
0.029105 0.19439
0.074064 0.13661
0.051529 0.12124
0.050418 0.18211
0.25067 -0.31233
0.37981 -0.41189
0.37912 -0.34701
0.23322 -0.065385
0.19678 0.060961
0.15413 0.048435
-0.020591 0.23233
0.089848 0.061791
0.044801 0.17814
0.16384 -0.035754
0.30195 -0.35542
0.38436 -0.36986
0.24772 -0.24007
0.1698 -0.0411
0.26914 -0.32786
0.39281 -0.47222
0.40894 -0.49744
0.2206 -0.23512
0.19979 -0.23548
0.25773 -0.42893
0.37718 -0.57242
0.28185 -0.48055
0.091649 -0.15912
0.14068 -0.32443
-1.3535 1.8434
-2.8349 3.1319
-2.7909 2.5855
-2.4595 2.2957
-2.6854 2.9457
-3.0431 3.6925
-2.6513 2.8415
-2.3441 2.446
-2.1401 2.2626
-2.3538 2.55
-2.516 3.0871
-2.7591 3.2643
-2.5241 2.8669
-2.1306 2.5632
-2.1354 2.7236
-2.1009 2.5324
-2.2522 2.9053
-2.4138 3.1836
-2.535 3.1647
-2.3575 2.4769
-2.4501 3.2286
-2.5592 3.8444
-2.3553 3.5839
-2.0761 3.2006
-2.2069 3.0895
-2.3226 3.1368
-2.0862 2.6833
-2.018 2.4921
-2.3254 3.0958
-2.4663 3.4312
-2.2207 3.2157
-1.7505 2.6038
-1.4273 2.0706
-1.3476 1.7495
-1.5234 2.0043
-1.5277 1.9801
-1.5541 1.9523
-1.6452 2.1694
-2.016 2.581
-2.2781 2.8884
-2.1909 2.459
-2.247 2.7609
-2.2544 2.762
-2.1067 2.787
-1.818 2.78
-1.7126 2.7127
-1.5965 2.282
-1.4893 1.9969
-1.6561 2.1415
-1.6378 1.9257
-1.4846 1.7639
-1.5414 1.7901
-1.5638 1.7175
-1.5039 1.5666
-1.5473 1.689
-1.0974 1.2503
-1.1407 1.3065
-1.0296 1.0478
-0.95908 0.76427
-1.2001 1.047
-1.3148 0.52572
-1.4481 0.68305
-1.3215 0.82454
-1.3535 1.127
-1.4104 1.0758
-1.4391 1.1772
-1.3254 0.96603
-1.1318 0.86304
-0.74207 0.31344
-0.65547 0.26829
-0.56624 0.21943
-0.55348 0.18288
-0.51237 0.22317
-0.5553 0.167
-0.51901 0.29374
-0.49144 0.1658
-0.50544 0.27993
-0.4734 0.16014
-0.46476 0.17273
-0.41862 0.11735
-0.24228 -0.33012
-0.081393 -0.47882
-0.091526 -0.4776
-0.15018 -0.24715
-0.10244 -0.37524
-0.12189 -0.23588
-0.098547 -0.34794
-0.17927 -0.23976
-0.18426 -0.19498
-0.22098 -0.22112
-0.27883 -0.10084
-0.20186 -0.29183
-0.16841 -0.27317
0.12371 -0.71727
0.11106 -0.74246
0.15842 -0.72471
0.092261 -0.59261
0.1213 -0.5971
0.062118 -0.55564
0.036914 -0.4618
2.0638e-06 -0.5152
-0.10607 -0.35971
-0.071515 -0.48052
-0.12952 -0.36484
0.024467 -0.55245
0.12251 -0.67411
0.2549 -0.8992
0.15653 -0.69667
0.079117 -0.51519
0.069232 -0.57288
-0.011809 -0.4176
0.067155 -0.55334
0.0087634 -0.49537
0.12892 -0.68655
0.25125 -0.91851
0.28515 -0.89532
0.23585 -0.78982
0.075132 -0.56583
0.13526 -0.64777
0.018958 -0.5431
0.10504 -0.61126
0.10991 -0.69025
0.20901 -0.86119
0.35294 -1.144
0.20142 -0.7847
0.22149 -0.85113
0.16987 -0.70841
0.15984 -0.70104
0.085459 -0.68904
-0.011041 -0.51889
0.073842 -0.68675
0.058608 -0.72969
0.23535 -0.86268
0.39231 -0.95265
0.4549 -1.1624
0.31581 -0.87137
0.24689 -0.72294
0.2364 -0.84163
0.16352 -0.7514
0.2267 -0.83023
0.32485 -1.1296
0.37676 -1.1715
0.35254 -1.1732
0.21413 -0.93084
0.22205 -0.85421
0.17617 -0.88328
0.092309 -0.70749
0.15854 -0.90491
0.1266 -0.94644
0.33077 -1.1933
0.45242 -1.2362
0.46231 -1.276
0.33406 -1.081
0.27382 -0.85959
0.22398 -0.97189
0.20462 -0.92336
0.22352 -0.88644
0.28502 -1.1897
0.41824 -1.3635
0.42558 -1.3668
0.32401 -1.3083
0.27737 -1.1013
0.36415 -1.2587
0.39972 -1.3856
0.49705 -1.4465
0.49504 -1.5064
0.33452 -1.273
0.36164 -1.311
0.32992 -1.3343
0.40225 -1.3803
0.54539 -1.6672
0.38128 -1.388
0.34182 -1.3178
0.29316 -1.3199
0.3647 -1.3146
0.53997 -1.6364
0.37071 -1.409
-0.8752 0.85654
-2.7155 2.5699
-3.2821 2.8907
-3.17 2.9424
-3.1218 2.8809
-2.9347 3.4818
-2.9142 3.3209
-2.3508 2.4282
-2.1004 2.1545
-2.54 3.2359
-2.9221 3.5419
-2.571 2.7702
-2.1527 2.2457
-2.4004 2.9037
-2.4995 2.773
-2.3216 2.6257
-1.7296 1.9365
-1.8524 2.0967
-2.1165 2.4492
-2.0474 2.3671
-2.0733 2.4814
-2.2587 2.5192
-2.179 2.2565
-1.8111 1.9185
-1.7479 2.3025
-1.7629 2.1643
-1.7548 2.1012
-1.7412 2.1428
-2.0779 2.7361
-2.2418 2.9238
-2.1244 2.6349
-2.1908 2.6161
-2.0839 2.5892
-2.1664 2.5828
-2.1409 2.4898
-2.1583 2.8366
-2.333 3.0909
-2.3322 2.8857
-2.0531 2.3903
-2.3435 3.4304
-2.2408 3.3494
-1.8682 2.7991
-1.8685 2.5245
-2.0996 2.8048
-2.0767 2.6697
-1.8852 2.2825
-1.8171 2.0239
-1.9188 2.2667
-1.7747 1.9326
-1.4142 1.2684
-1.2472 0.85234
-1.5326 1.6861
-1.7736 1.9901
-1.7267 1.901
-2.0233 2.348
-2.1985 2.215
-2.2944 2.1993
-2.3213 2.0505
-2.4746 2.3614
-2.3803 2.0949
-2.1897 1.8094
-1.4426 0.79429
-1.3045 0.76104
-1.26 0.84567
-1.2457 0.79445
-1.2481 0.86093
-1.1538 0.8154
-1.0136 0.79722
-1.5503 1.882
-2.1216 2.6537
-2.2051 2.6658
-2.2865 2.8426
-2.0172 2.328
-1.4785 1.4426
-1.3709 1.2537
-1.3872 1.3691
-1.35 1.2343
-1.5105 1.416
-1.5169 1.4409
-1.5576 1.5467
-1.4032 1.2792
-1.1517 0.90614
-0.94491 0.74124
-0.94332 0.77135
-0.97082 0.85809
-0.9855 0.81205
-0.97703 0.93401
-0.93002 0.79408
-0.99252 0.91454
-0.96097 0.74025
-0.9753 0.87192
-0.71449 0.38767
-0.52123 0.17159
-0.51264 0.23805
-0.72209 0.57487
-0.77312 0.55944
-0.8667 0.68638
-0.8844 0.6991
-0.88193 0.66655
-0.87282 0.68038
-0.83965 0.55639
-0.89177 0.66317
-0.84549 0.50941
-0.89752 0.54735
-0.6373 0.11332
-0.57723 0.10954
-0.63052 0.11447
-0.65422 0.32141
-0.63967 0.27619
-0.68976 0.35868
-0.69143 0.43256
-0.73149 0.40148
-0.80258 0.55085
-0.80737 0.45855
-0.89099 0.65496
-0.83399 0.52392
-0.87409 0.60624
-0.74369 0.35695
-0.65596 0.17732
-0.55346 0.14604
-0.6096 0.2007
-0.65222 0.38444
-0.61413 0.30021
-0.6938 0.50956
-0.67689 0.42496
-0.75346 0.56285
-0.7347 0.45312
-0.74586 0.43373
-0.63465 0.30841
-0.49808 0.024374
-0.58499 0.26358
-0.62732 0.25926
-0.66567 0.41243
-0.65928 0.3887
-0.68897 0.37599
-0.70828 0.44704
-0.63752 0.26762
-0.63673 0.18527
-0.45172 -0.15063
-0.5508 0.16285
-0.57009 0.19977
-0.63057 0.23306
-0.66636 0.37215
-0.6751 0.22952
-0.73808 0.36866
-0.64847 0.1831
-0.57241 -0.037642
-0.39904 -0.1904
-0.37691 -0.1623
-0.44435 -0.1178
-0.46915 0.038568
-0.49997 0.14122
-0.55614 0.055712
-0.56495 0.11361
-0.56249 0.15973
-0.53525 -0.054514
-0.42757 -0.22296
-0.2932 -0.31112
-0.36455 -0.34601
-0.43122 -0.10979
-0.48744 -0.048102
-0.53685 -0.068996
-0.54205 -0.059035
-0.50319 0.093055
-0.40094 -0.20944
-0.39125 -0.37985
-0.26526 -0.41553
-0.28676 -0.37786
-0.36794 -0.3533
-0.39485 -0.1877
-0.29623 -0.41746
-0.22257 -0.59281
-0.28696 -0.46798
-0.31467 -0.48304
-0.41294 -0.35531
-0.41351 -0.27682
-0.28198 -0.61633
-0.31771 -0.52769
-0.38306 -0.46204
-0.4762 -0.32096
-0.42356 -0.36302
-0.29557 -0.65435
-0.44345 -0.35607
-0.49837 -0.29488
-0.56582 -0.16554
-0.41162 -0.38885
-0.34718 -0.58564
-0.50049 -0.25646
-0.53544 -0.27068
-0.56846 -0.14588
-0.381 -0.45378
-0.3885 -0.4852
-0.51342 -0.16129
-0.52613 -0.25163
-0.4184 -0.36397
-0.32426 -0.54081
-0.4851 -0.28031
-0.50924 -0.13948
-0.62095 0.20969
-1.7951 1.9306
-2.0867 1.9752
-2.1106 1.8589
-1.5566 1.2693
-1.6637 1.6777
-1.9321 2.4759
-2.1232 2.7334
-1.8564 2.2205
-1.8914 2.3891
-1.677 2.4725
-1.0856 1.4612
-1.6262 2.2664
-1.7655 2.4863
-1.5671 2.0473
-1.5614 1.9753
-1.914 2.4957
-2.1015 3.2382
-1.4546 2.5166
-1.3117 2.1012
-1.189 1.59
-1.4873 1.8173
-1.9008 2.0625
-1.9825 1.7221
-1.8834 1.6617
-1.9922 1.6849
-2.1563 1.8093
-2.2613 1.8807
-2.423 2.2059
-2.401 2.0685
-2.4013 2.0044
-2.4144 2.1741
-2.3784 2.2892
-2.5692 2.761
-2.595 3.1335
-2.6155 3.0967
-2.6618 3.0652
-2.7911 3.1546
-2.8357 3.1107
-2.7802 2.9837
-2.5841 2.4874
-2.4435 2.3017
-2.2392 2.0748
-2.2096 2.1315
-2.0399 2.0267
-1.817 1.7002
-1.3167 0.98965
-1.0929 0.62437
-1.2002 0.76936
-1.2466 0.72753
-1.3002 0.80756
-1.2876 0.72295
-1.3348 0.85668
-1.2797 0.6906
-1.251 0.79318
-1.1527 0.58794
-1.0921 0.51017
-0.76032 0.017648
-0.759 -0.034392
-0.73444 0.10091
-0.74712 0.091047
-0.75566 0.19069
-0.7179 0.11138
-0.7845 0.2624
-0.74887 0.156
-0.81937 0.29775
-0.75553 0.20289
-0.77987 0.2646
-0.72905 0.061346
-0.56748 -0.13735
-0.43794 -0.3098
-0.49688 -0.13417
-0.5402 0.035281
-0.52622 -0.010521
-0.56313 0.10176
-0.58172 0.03289
-0.655 0.20073
-0.64871 0.09267
-0.69167 0.24268
-0.64994 0.1002
-0.69981 0.1781
-0.5575 -0.17789
-0.44854 -0.28037
-0.38773 -0.3198
-0.45265 -0.15099
-0.47053 -0.048335
-0.52177 -0.037874
-0.5652 0.079879
-0.57524 0.024288
-0.62564 0.10778
-0.57139 -0.023365
-0.56618 -0.011711
-0.39629 -0.34956
-0.3667 -0.34586
-0.39323 -0.30568
-0.44625 -0.17466
-0.45266 -0.10258
-0.5432 -0.098938
-0.56534 0.082193
-0.56172 -0.0066869
-0.62043 0.15342
-0.59838 -0.020745
-0.67116 0.033296
-0.50743 -0.18765
-0.38874 -0.38069
-0.39815 -0.29203
-0.44449 -0.24636
-0.50249 -0.0077743
-0.48628 -0.12793
-0.53435 0.016506
-0.53648 -0.057465
-0.55932 -0.1106
-0.54011 -0.079809
-0.40755 -0.43203
-0.32435 -0.46676
-0.29822 -0.4987
-0.40284 -0.27116
-0.42864 -0.26194
-0.48798 -0.20392
-0.60967 -0.029054
-0.53052 -0.16236
-0.56768 -0.068313
-0.5644 -0.074829
-0.57193 -0.17161
-0.55915 -0.14397
-0.38226 -0.48154
-0.28487 -0.56671
-0.30614 -0.39874
-0.33239 -0.4075
-0.37719 -0.2939
-0.43149 -0.2373
-0.46127 -0.3234
-0.42088 -0.31149
-0.29602 -0.42943
-0.15724 -0.69335
-0.2735 -0.50589
-0.32513 -0.48242
-0.4248 -0.46632
-0.41914 -0.35407
-0.275 -0.61267
-0.21823 -0.71099
-0.23033 -0.64132
-0.33656 -0.6388
-0.43046 -0.46791
-0.35562 -0.59024
-0.29036 -0.76574
-0.21233 -0.80017
-0.30814 -0.71371
-0.42938 -0.5966
-0.46197 -0.49923
-0.41955 -0.60461
-0.35143 -0.73365
-0.19686 -0.82614
-0.17074 -0.91081
-0.33797 -0.75798
-0.39329 -0.58881
-0.33794 -0.69034
-0.30064 -0.82473
-0.17027 -0.88561
-0.099037 -0.98345
-0.30994 -0.82194
-0.37375 -0.61809
-0.27699 -0.85092
-0.17408 -1.023
-0.21034 -0.91601
-0.24284 -0.92559
-0.35436 -0.72311
-0.28401 -0.77989
-0.18091 -1.0098
-0.202 -0.94847
-0.23624 -0.89493
-0.34113 -0.77463
-0.33327 -0.6924
-0.15906 -1.0429
-0.1599 -1.0388
-0.22646 -0.82018
-0.28062 -0.83033
-0.30681 -0.75561
-0.28519 -0.66065
-0.069316 -1.0741
-0.03702 -1.1168
-0.12149 -0.82516
-0.17358 -0.79858
-0.29741 -0.69411
-0.28782 -0.62844
-0.3496 -0.46798
-0.29697 -0.55504
-0.38038 -0.50715
-0.34665 -0.48058
-0.3429 -0.33117
-0.29465 -0.48975
-0.34282 -0.52551
-0.20522 -0.64235
-0.0086345 -0.777
0.11195 -1.0043
-0.058802 -0.74762
-0.13737 -0.56522
-0.1853 -0.62638
-0.25376 -0.53216
-0.26343 -0.48732
-0.30491 -0.58441
-0.23712 -0.56012
0.02972 -0.90379
-0.015193 -0.79684
-0.16469 -0.58727
-0.076903 -0.59693
-1.6781 2.004
-2.7357 2.6265
-2.9173 2.8149
-2.676 2.7627
-2.438 2.8933
-2.51 3.0541
-2.7754 3.0845
-2.4466 2.5216
-2.3956 2.699
-2.5431 3.0943
-2.5378 2.8056
-2.2193 2.3564
-1.4983 1.2459
-2.0479 2.5526
-2.5975 3.321
-2.4361 2.5231
-2.1649 2.2469
-1.896 1.8658
-1.7148 1.7175
-1.7231 1.9384
-2.1276 2.6013
-2.2746 2.582
-2.0289 1.9139
-1.8352 1.8294
-1.8428 1.8662
-1.7118 1.7423
-1.4193 1.2868
-1.6555 1.8427
-1.9613 2.3358
-1.9915 2.1775
-1.6637 1.3952
-1.4039 0.86317
-1.3399 0.61333
-1.3109 0.56115
-0.99015 -0.01805
-0.67183 -0.44483
-0.6925 -0.42734
-1.279 0.43229
-1.4856 0.82579
-1.8931 1.4675
-2.2224 1.5738
-2.4594 1.776
-2.4262 1.8663
-2.2742 1.5753
-2.3163 1.6886
-2.3139 1.6339
-2.3156 1.7286
-2.1147 1.3729
-1.9908 1.322
-1.6671 0.61409
-1.56 0.31801
-1.6314 0.35689
-1.7481 0.31098
-1.6719 0.022748
-1.7556 0.39119
-1.9581 1.0332
-2.0675 1.1901
-2.063 1.0966
-1.8316 0.70704
-1.7551 0.70312
-1.6779 0.68872
-1.678 0.97278
-1.7047 0.95588
-1.7143 1.0591
-1.6267 0.89723
-1.589 0.98789
-1.5252 0.82885
-1.4976 0.8915
-1.4394 0.74807
-1.4578 0.84747
-1.4021 0.79677
-1.3735 0.82046
-1.3274 0.82695
-1.3037 0.79204
-1.2937 0.83466
-1.2699 0.75948
-1.2667 0.83249
-1.2322 0.74415
-1.2345 0.84695
-1.162 0.71058
-1.1895 0.82275
-1.177 0.70612
-1.2069 0.82462
-1.1291 0.69185
-1.1698 0.82445
-1.1359 0.6836
-1.1533 0.78514
-1.1063 0.68729
-1.144 0.75138
-1.0811 0.5205
-0.86564 0.31831
-0.79345 0.30021
-0.84321 0.40895
-0.82103 0.41415
-0.87511 0.44454
-0.88654 0.47835
-0.9529 0.46296
-0.98191 0.53037
-1.0135 0.46233
-1.0692 0.55854
-1.0612 0.473
-1.0133 0.38182
-0.85724 0.10666
-0.97309 0.36913
-0.91808 0.26875
-0.97786 0.3792
-0.92412 0.32889
-0.99652 0.38168
-1.0266 0.43435
-1.0546 0.37495
-1.0515 0.41741
-0.92026 0.157
-0.77861 0.022767
-0.70947 -0.098777
-0.78854 0.10054
-0.79178 0.079758
-0.83699 0.47473
-1.5943 1.7012
-1.2536 0.91691
-1.4647 1.6296
-1.7877 1.9524
-1.9756 2.3358
-1.6077 1.6515
-1.3947 1.3999
-1.7 2.1463
-2.1474 2.8216
-2.1151 2.2926
-2.2632 2.5902
-1.9338 2.2073
-1.4058 1.3065
-1.6266 1.9059
-1.9119 2.3863
-2.0777 2.6162
-1.975 1.9156
-2.1697 2.2717
-2.0197 2.1691
-1.685 1.5898
-2.1552 2.3944
-2.1697 2.402
-1.8953 2.1137
-2.0647 2.2408
-2.1433 2.1788
-1.7453 1.5115
-1.5299 1.3055
-1.5169 1.2091
-1.7107 1.6516
-1.6023 1.5704
-1.7322 1.8329
-1.8667 1.8561
-1.5907 1.0683
-1.4922 0.87106
-1.5159 0.8306
-1.3404 0.5546
-1.0498 -0.0018157
-1.4228 0.29934
-1.41 0.42148
-1.629 0.77636
-1.9651 1.3255
-1.8931 0.96014
-1.9685 0.66346
-1.681 -0.0843
-1.6186 -0.0081681
-1.8087 0.78967
-1.9496 1.1336
-1.9326 1.3092
-1.7893 0.66794
-1.7212 0.59042
-1.5959 0.35468
-1.5221 0.28412
-1.247 -0.12135
-1.3193 -0.80742
-1.6497 0.10409
-1.6107 0.10456
-1.7945 0.40208
-1.8411 0.50668
-1.9527 0.65044
-1.9688 0.84852
-1.9684 0.90799
-2.0237 1.2027
-1.8619 0.68804
-1.6481 0.47128
-1.5274 0.48525
-1.4483 0.49272
-1.2977 0.53861
-1.2261 0.50443
-1.1986 0.60665
-1.1051 0.41815
-1.0878 0.45304
-0.88866 0.19773
-0.78504 -0.040357
-0.73405 0.13537
-0.74492 0.15291
-0.782 0.35218
-0.81926 0.25559
-0.79335 0.36086
-0.77269 0.38313
-0.80611 0.37719
-0.84844 0.52269
-0.87335 0.39195
-0.91017 0.53723
-0.90028 0.42802
-0.84261 0.41931
-0.77236 0.34419
-0.60004 0.028838
-0.52045 0.044643
-0.52739 0.039457
-0.58824 0.2359
-0.58656 0.21289
-0.60375 0.24446
-0.61992 0.31002
-0.62618 0.24257
-0.69546 0.38507
-0.66817 0.2451
-0.73051 0.38396
-0.68921 0.25134
-0.70057 0.27545
-0.64948 0.16533
-0.52374 -0.071345
-0.40582 -0.26199
-0.35403 -0.32904
-0.43978 -0.10414
-0.41627 -0.21261
-0.45294 -0.062161
-0.45082 -0.15965
-0.50882 -0.07208
-0.50502 -0.11256
-0.52335 -0.11875
-0.5445 -0.0053866
-0.51996 -0.16118
-0.55944 -0.043357
-0.55195 -0.22888
-0.45161 -0.31275
-0.278 -0.51963
-0.2208 -0.58234
-0.31398 -0.39728
-0.31342 -0.47261
-0.36397 -0.32408
-0.35062 -0.40656
-0.40657 -0.35098
-0.38472 -0.28664
-0.38854 -0.41475
-0.40635 -0.32159
-0.29332 -0.59576
-0.23286 -0.66874
-0.14087 -0.78375
-0.21091 -0.65295
-0.2828 -0.52429
-0.29525 -0.58392
-0.35747 -0.45924
-0.32446 -0.53698
-0.33774 -0.58618
-0.28424 -0.60246
-0.12522 -0.62417
0.057476 -0.98739
0.029085 -1.0438
-0.07114 -0.78073
-0.070745 -0.84483
-0.13031 -0.76163
-0.18365 -0.63802
-0.20968 -0.76681
-0.23457 -0.71798
-0.20477 -0.68607
-0.12919 -0.9129
0.0091322 -1.0833
0.11092 -1.0999
0.078578 -1.1109
-0.039915 -1.0107
-0.041516 -0.87105
-0.0034148 -0.85995
-0.051215 -0.92169
-0.07133 -0.92567
-0.041087 -0.88643
0.20878 -1.3917
0.1449 -1.34
0.053924 -1.0886
0.086121 -1.2224
0.15713 -1.3715
0.27607 -1.5034
0.10958 -1.3534
-0.34844 -0.29494
-2.2471 1.9626
-2.9861 2.3021
-3.0134 2.5078
-2.7278 2.2301
-2.4293 1.9899
-2.6922 2.6223
-2.4783 2.1381
-1.8127 1.0811
-2.0162 1.4444
-1.9215 1.5998
-2.5268 2.4463
-2.3607 2.0032
-2.0777 1.2214
-1.9755 1.1882
-2.0078 1.2339
-1.9726 1.2891
-2.1341 1.467
-2.2674 1.5844
-2.0353 1.2962
-1.8111 0.80921
-1.8844 0.91421
-1.9979 0.95502
-1.7416 0.61068
-1.7004 0.51717
-1.9263 1.2141
-2.1861 1.3026
-2.2601 1.4153
-2.0436 1.0857
-1.9759 1.0126
-2.13 1.3388
-2.3155 1.4009
-2.3551 1.5922
-2.3106 1.3562
-2.4169 1.4652
-2.2449 1.2219
-2.0528 1.0215
-1.9483 0.8812
-1.8414 0.7421
-1.7953 0.8011
-1.6809 0.57223
-1.6752 0.57248
-1.6061 0.47654
-1.5996 0.43284
-1.3597 0.16512
-1.0119 -0.40992
-1.0087 -0.23433
-0.96405 -0.29348
-0.99284 -0.14557
-0.93386 -0.20657
-0.98007 -0.13432
-0.92397 -0.085561
-0.94339 -0.11903
-0.95045 0.04908
-0.93858 -0.10592
-0.93116 0.0020517
-0.74604 -0.32545
-0.72776 -0.305
-0.73983 -0.19227
-0.76392 -0.091851
-0.76324 0.015634
-0.78009 -0.021735
-0.84275 0.13563
-0.83916 0.06228
-0.87332 0.20626
-0.82885 0.11846
-0.87457 0.21168
-0.87935 0.17046
-0.8826 0.17427
-0.90363 0.19284
-0.77629 0.036378
-0.6746 -0.029658
-0.5457 -0.27296
-0.62348 0.023958
-0.64984 -0.0050215
-0.74472 0.087682
-0.68757 0.088041
-0.72148 0.12473
-0.74086 0.19366
-0.77129 0.15482
-0.83222 0.25115
-0.80322 0.12642
-0.83211 0.18791
-0.72704 -0.0014985
-0.64535 -0.089513
-0.58871 -0.2668
-0.68389 -0.04079
-0.66518 0.010647
-0.71589 0.050915
-0.74173 0.13674
-0.75935 0.076625
-0.822 0.17755
-0.80925 0.079974
-0.86454 0.20968
-0.82918 0.10975
-0.84268 0.14058
-0.83025 0.11572
-0.77707 -0.014529
-0.69721 -0.0713
-0.56509 -0.36106
-0.58362 -0.18405
-0.58567 -0.17296
-0.67915 -0.096385
-0.65818 -0.047964
-0.72462 -0.063091
-0.72031 0.049865
-0.73162 -0.11171
-0.74862 -0.0026204
-0.73035 -0.16334
-0.66404 -0.2415
-0.5483 -0.35053
-0.49181 -0.47863
-0.58587 -0.24469
-0.5873 -0.28314
-0.66585 -0.19825
-0.67319 -0.19592
-0.69253 -0.26885
-0.70871 -0.16018
-0.60454 -0.37262
-0.53478 -0.44985
-0.49256 -0.53147
-0.61338 -0.39634
-0.63731 -0.30147
-0.53271 -0.5162
-0.43684 -0.5593
-0.43008 -0.55703
-0.55642 -0.46078
-0.6039 -0.34313
-0.56195 -0.4982
-0.51493 -0.53434
-0.46266 -0.56471
-0.63562 -0.095149
-2.623 2.4908
-3.0563 2.2982
-2.8705 2.4931
-2.6747 2.5181
-2.6365 2.5881
-2.5955 2.4479
-2.437 1.9644
-1.7917 1.2031
-1.9707 1.7781
-2.3259 2.5591
-2.1921 2.1834
-1.9425 1.5742
-1.8358 1.4192
-1.7141 1.3072
-1.4173 0.9078
-1.7903 1.5695
-1.9828 1.9125
-1.8385 1.3413
-1.8407 1.3772
-1.9148 1.4594
-1.8866 1.3586
-1.5824 0.80268
-1.6471 0.89176
-2.0059 1.6124
-2.3832 1.8718
-2.4877 2.0242
-2.2746 1.6313
-2.2204 1.5696
-2.2501 1.4714
-2.463 1.8576
-2.7618 2.2292
-2.5791 1.9139
-2.365 1.8877
-2.4655 2.0987
-2.5982 2.3304
-2.4076 2.0844
-2.338 2.0576
-2.2892 1.9067
-2.1766 1.6091
-2.1213 1.4357
-2.1115 1.311
-2.0264 1.2248
-1.9224 0.98819
-1.9587 1.2195
-1.8766 1.1452
-1.8606 1.1964
-1.7723 1.1084
-1.7545 1.1046
-1.7364 1.1547
-1.7219 1.0407
-1.7192 1.1781
-1.6504 0.99074
-1.5678 0.90856
-1.4162 0.61932
-1.425 0.69212
-1.4342 0.80778
-1.4331 0.78073
-1.506 0.93768
-1.4575 0.86253
-1.4712 1.0052
-1.4698 0.89896
-1.4788 0.92124
-1.3958 0.87105
-1.275 0.61884
-1.2829 0.73209
-1.3065 0.77004
-1.3767 0.93815
-1.3599 0.87908
-1.4108 0.94186
-1.3841 0.89131
-1.2908 0.70907
-1.2226 0.5904
-1.2204 0.64109
-1.2878 0.85944
-1.3013 0.82283
-1.3908 1.0066
-1.3676 0.90331
-1.4431 1.039
-1.4208 0.9589
-1.4848 1.0046
-1.4243 0.9275
-1.3157 0.71783
-1.2224 0.6368
-1.2161 0.62903
-1.3015 0.84447
-1.276 0.73744
-1.2928 0.83302
-1.2689 0.72278
-1.1898 0.61583
-1.0862 0.44958
-1.1502 0.54831
-1.2338 0.71642
-1.2608 0.62137
-1.3076 0.74619
-1.2103 0.5343
-1.132 0.4404
-1.0984 0.37798
-1.2305 0.5833
-1.2504 0.61011
-1.295 0.57484
-1.3262 0.65441
-1.2514 0.4886
-1.1543 0.42344
-1.1004 0.28861
-1.2247 0.49122
-1.1941 0.45919
-1.1584 0.3814
-1.0145 0.23395
-0.94355 0.059943
-1.0133 0.26195
-1.2298 0.70399
-2.0549 1.9913
-2.3566 1.9807
-2.5339 2.2321
-2.4865 2.1343
-2.3168 1.8863
-2.3256 2.435
-2.615 3.0011
-2.5408 2.6073
-1.7983 1.3538
-1.9797 1.8622
-2.237 2.5147
-2.0933 2.2165
-2.106 2.2429
-1.8196 1.6989
-1.2028 0.9946
-1.3742 1.3178
-1.7486 1.9244
-1.4875 1.4759
-1.5633 1.6247
-1.6147 1.5635
-1.6325 1.7184
-1.6278 1.9342
-1.5815 1.4253
-1.6852 1.4007
-1.8014 1.4458
-1.9472 1.7904
-2.1452 1.8923
-2.3184 2.1849
-2.2112 1.8421
-2.2245 1.9335
-2.1994 2.0622
-2.0943 1.8683
-1.835 1.5538
-1.8857 1.7554
-2.1239 2.2992
-2.0274 2.1065
-1.9026 1.7245
-1.6507 1.3445
-1.8334 1.5811
-1.772 1.4093
-1.5045 1.0111
-1.5373 1.196
-2.0901 2.1443
-2.4761 2.66
-2.5744 2.5408
-2.6986 2.8218
-3.0067 3.2383
-3.2772 3.5173
-3.1423 3.1305
-2.9076 2.693
-2.4556 1.9317
-2.1498 1.4996
-1.6462 0.94662
-1.6299 1.1857
-2.0539 2.1902
-2.1538 2.2295
-1.7961 1.7773
-0.72353 -0.13201
-0.7001 0.020866
-0.86663 0.24148
-1.2278 0.64579
-1.3855 0.87298
-1.4982 1.0828
-1.4995 1.1317
-1.3991 0.88889
-1.3082 0.82745
-0.96184 0.26892
-0.68532 -0.13899
-0.55098 -0.33055
-0.62772 -0.06324
-0.62256 -0.10524
-0.71983 0.1301
-0.73481 0.12068
-0.84301 0.25404
-0.85113 0.25627
-0.84847 0.23687
-0.88487 0.37548
-0.87719 0.26663
-0.96468 0.4714
-0.9207 0.31675
-0.96975 0.45026
-0.87088 0.28178
-0.75083 0.029289
-0.63159 -0.1041
-0.67391 0.0088366
-0.76747 0.22573
-0.74914 0.14553
-0.80714 0.33965
-0.77284 0.19438
-0.87069 0.31538
-0.82033 0.26915
-0.86717 0.33437
-0.88993 0.39238
-0.91753 0.3302
-0.97489 0.47697
-0.93062 0.34843
-1.0098 0.49066
-0.93746 0.35679
-0.93427 0.37976
-0.81078 0.22084
-0.6849 -0.087328
-0.60759 -0.098342
-0.61992 -0.085128
-0.69696 0.15173
-0.6684 0.06091
-0.72464 0.19069
-0.71793 0.16142
-0.76137 0.15826
-0.82303 0.30314
-0.85776 0.18891
-0.89761 0.3614
-0.84752 0.18484
-0.88089 0.25445
-0.83365 0.18479
-0.74675 -0.032935
-0.64588 -0.13193
-0.57194 -0.29353
-0.66685 -0.014497
-0.64777 -0.054733
-0.68628 -0.062028
-0.72243 0.11502
-0.72109 -0.0084431
-0.74898 0.066667
-0.76161 0.093098
-0.75674 -0.037285
-0.7438 0.005189
-0.63005 -0.20675
-0.54337 -0.44929
-0.53298 -0.34967
-0.55935 -0.31578
-0.60459 -0.2476
-0.66825 -0.063941
-0.65458 -0.16856
-0.696 -0.086881
-0.74736 0.072274
-0.70546 -0.12948
-0.72775 -0.14648
-0.58926 -0.2133
-0.43447 -0.39395
-0.40837 -0.5209
-0.54282 -0.26409
-0.58386 -0.15559
-0.62517 -0.24651
-0.66295 -0.12484
-0.63025 -0.2391
-0.59289 -0.39976
-0.48508 -0.5152
-0.36934 -0.62343
-0.48125 -0.47514
-0.5916 -0.25083
-0.58668 -0.36331
-0.65679 -0.30596
-0.67713 -0.18215
-0.64319 -0.36053
-0.64952 -0.38315
-0.4889 -0.56904
-0.36828 -0.60835
-0.3209 -0.72869
-0.46549 -0.55948
-0.52095 -0.40038
-0.52079 -0.37388
-0.58 -0.48155
-0.59221 -0.4335
-0.594 -0.35442
-0.39072 -0.71751
-0.35347 -0.85701
-0.38688 -0.64155
-0.43121 -0.64944
-0.51726 -0.60201
-0.57073 -0.42869
-0.5269 -0.56523
-0.52091 -0.65527
-0.36421 -0.79084
-0.26322 -0.90583
-0.37411 -0.83469
-0.43881 -0.66871
-0.36973 -0.70902
-0.23541 -1.0718
-0.2856 -0.94561
-0.36546 -0.84232
-0.48471 -0.63457
-0.39662 -0.76007
-0.28627 -1.1256
-0.35727 -0.88135
-0.42673 -0.81627
-0.50552 -0.65183
-0.34793 -1.0324
-0.17191 -1.3987
-0.24665 -1.1343
-0.2488 -1.1898
-0.2281 -1.1625
0.058528 -1.5555
-0.049637 -1.4446
-0.18914 -1.1585
-0.1806 -1.2711
-0.02199 -1.4753
0.034896 -1.6135
-0.12775 -1.3668
-0.19175 -1.1784
-0.19057 -1.2775
-0.11248 -1.4007
0.090854 -1.5972
-0.16589 -1.286
-0.20292 -1.1542
-0.20713 -0.91262
-0.16539 -0.98068
-0.26261 -0.96777
-0.26793 -0.87364
-0.29642 -0.63512
-0.28563 -0.75619
-0.36193 -0.70555
-0.34969 -0.70783
-0.33603 -0.559
-0.15726 -0.97951
-0.0687 -1.167
0.019297 -1.1695
-0.038608 -0.93756
-0.17741 -0.82394
-0.22147 -0.66389
-0.24387 -0.57604
-0.27368 -0.71081
-0.25549 -0.71625
-0.089252 -0.83802
0.143 -1.2723
-0.0084893 -1.0698
-0.14209 -0.71562
-0.11748 -0.86064
-0.18926 -0.78848
-0.12132 -1.0136
0.090135 -1.298
-0.042757 -0.94738
-0.13219 -0.88204
-0.23584 -0.73199
-0.26757 -0.65822
-0.27405 -0.7526
-0.29826 -0.62752
-0.040209 -1.0915
0.036589 -1.241
-0.074935 -0.9338
-0.10926 -0.95178
-0.21591 -0.71745
-0.10766 -0.93291
0.03678 -1.1765
0.14876 -1.2178
0.0039311 -1.052
-0.12273 -0.72984
-0.090447 -0.83761
-0.12938 -0.82169
0.01868 -0.98849
0.18145 -1.31
-0.041157 -0.87553
-0.079409 -0.79262
-0.1477 -0.77463
-0.21638 -0.61043
0.0006322 -1.0546
0.10198 -1.1779
0.074336 -1.0282
-0.043484 -0.92005
-0.12651 -0.73758
0.02044 -1.0814
0.16091 -1.236
-1.0858 0.86912
-1.6674 1.2789
-1.3711 1.0079
-1.3396 0.85097
-1.2798 0.87886
-0.68121 0.17215
-0.8857 0.89268
-1.4575 1.6445
-1.4331 1.6381
-1.2825 1.2585
-1.4845 1.5869
-1.6792 1.8741
-1.457 1.8176
-1.2329 1.4812
-1.2461 1.3672
-1.5566 1.5514
-1.8158 1.6627
-1.9425 1.8697
-2.0627 2.0035
-2.078 1.926
-1.931 1.6816
-2.4386 2.0537
-2.7819 2.3146
-2.5619 1.9064
-2.3782 1.6898
-2.2703 1.462
-2.1448 1.312
-1.8482 0.94225
-1.8207 0.94198
-2.0248 1.5194
-2.3073 1.9622
-2.5066 2.0119
-2.3869 1.6173
-2.2479 1.4786
-2.1205 1.267
-2.0229 1.2293
-1.984 1.3733
-2.0378 1.341
-2.0116 1.3675
-1.8538 1.0805
-2.007 1.3136
-2.0004 1.2875
-2.0368 1.2618
-1.9795 1.0956
-1.7787 0.70572
-1.6461 0.6244
-1.5723 0.52461
-1.5732 0.659
-1.5 0.5675
-1.4691 0.64194
-1.3912 0.50336
-1.3957 0.52824
-1.2253 0.29132
-1.0978 0.089209
-1.0358 0.11924
-1.2063 0.53426
-3.6931 3.5788
-3.7556 4.1077
-3.7062 3.4853
-3.7671 3.5722
-3.3418 3.4523
-3.2979 3.575
-3.238 3.1341
-3.219 3.4393
-3.4293 3.6695
-2.8974 2.6391
-2.8295 3.2081
-3.0312 3.1222
-2.8116 2.7113
-2.8922 3.2191
-2.6965 2.2541
-2.5697 2.3768
-2.6425 3.0026
-3.1496 2.9506
-3.068 2.9551
-2.8986 3.1181
-3.2696 3.213
-3.1498 2.9761
-3.0855 3.2568
-3.1987 3.2376
-2.9393 2.5864
-2.9312 2.9034
-3.4324 3.2347
-3.234 2.9063
-2.895 2.7683
-2.9957 2.8408
-3.0859 2.5106
-2.9959 2.6293
-3.0589 3.1693
-3.1509 2.4424
-2.9106 2.3079
-3.0048 2.819
-3.2903 2.7081
-3.11 2.546
-2.9108 2.6369
-3.0265 2.5679
-2.947 2.0831
-2.7264 2.0584
-2.8908 2.3661
-2.9222 2.0382
-3.0178 2.0141
-2.675 1.9172
-2.9012 2.4282
-3.1512 2.2246
-3.0018 2.128
-2.8675 2.3082
-3.1415 2.494
-3.263 2.466
-2.875 2.1645
-2.9077 2.4489
-3.1828 2.3608
-2.9464 2.0137
-2.5586 1.8315
-2.8028 2.1829
-2.9501 2.0431
-2.716 2.122
-3.0322 2.6684
-3.1832 2.332
-2.8903 1.8376
-2.8204 2.1637
-2.8948 1.7964
-3.0776 2.066
-2.7463 1.9457
-2.8322 2.3468
-2.6816 1.6685
-2.5003 1.379
-2.482 1.6885
-2.9274 2.3988
-3.0604 2.2739
-2.5864 1.6852
-2.4619 1.9197
-2.5932 2.024
-3.2528 2.5969
-2.9038 2.3007
-2.7248 2.3908
-2.7592 2.3442
-2.7697 2.0801
-2.5692 2.1694
-2.7367 2.6284
-3.0867 2.5933
-3.0422 2.666
-2.5016 2.0212
-2.5639 2.3007
-2.4232 1.8327
-2.3869 1.6921
-2.2804 1.7865
-2.2192 1.8787
-2.3593 1.8234
-2.5047 1.7702
-2.4663 1.7684
-2.5775 1.7777
-2.6895 2.1512
-2.9419 2.2218
-2.9859 1.9497
-2.6614 1.7388
-2.6578 2.2167
-2.6786 2.4194
-3.0261 2.7294
-2.8243 2.2866
-2.6486 2.1891
-2.8159 2.6666
-2.903 2.6734
-2.9925 2.628
-2.6238 2.1617
-2.3552 2.0279
-2.4506 2.3338
-2.5746 2.3505
-2.7835 2.5256
-2.5865 2.2177
-2.3198 2.4821
-2.6735 2.6548
-2.7512 2.6595
-2.7162 2.2804
-2.4964 2.167
-2.458 2.258
-2.555 2.4132
-2.5382 2.548
-2.5792 2.6456
-2.7842 2.4897
-2.7811 2.6259
-2.5042 2.3251
-2.528 2.6139
-2.6322 2.7432
-2.4656 2.6185
-2.6214 2.9274
-2.4525 3.0198
-2.352 2.995
-2.5405 2.8227
-2.4691 2.5738
-2.8248 2.581
-2.4981 2.5665
-2.3334 2.4054
-2.7399 2.9555
-2.5951 3.1553
-2.6422 3.0245
-2.6882 2.9723
-2.6853 3.0517
-2.6685 2.7602
-2.4937 2.9576
-2.6451 2.5393
-2.5574 2.4632
-2.2365 2.5481
-2.4321 2.544
-2.4207 2.7018
-2.4535 2.9144
-2.432 2.7887
-2.8997 2.8099
-2.4773 2.709
-2.5937 2.636
-2.338 2.9708
-2.5879 3.084
-2.6992 2.8356
-2.8285 3.2654
-2.6281 3.0041
-2.7746 3.1706
-2.8058 3.1269
-2.9924 3.0067
-2.8185 2.8951
-2.5742 3.0738
-2.648 3.2677
-2.7687 3.0944
-3.0355 3.0755
-2.8363 2.8419
-2.6209 2.9107
-2.6221 2.8432
-2.7186 2.6286
-2.3338 2.6285
-2.5273 2.5038
-2.5072 2.5088
-2.4681 2.7174
-2.2458 2.4105
-2.3035 2.7585
-2.1993 2.2919
-2.0278 1.932
-1.9969 1.8497
-2.1031 1.8158
-1.8299 2.1209
-2.2511 2.4788
-2.1333 2.1965
-2.375 2.574
-1.9385 2.1766
-2.2882 2.5916
-2.0251 2.4593
-1.9554 2.6103
-1.9652 2.8136
-1.9699 2.9044
-1.897 2.7026
-1.5405 2.5771
-1.7617 2.5065
-1.9684 2.6346
-1.7068 2.5345
-1.825 2.8045
-2.1881 2.8911
-1.9207 2.5433
-2.0274 2.8431
-1.773 2.7069
-1.8303 3.2729
-1.6852 3.0739
-2.1028 3.6118
-2.0352 3.4234
-2.0412 3.317
-1.6605 2.9908
-1.6793 3.2868
-1.8714 3.36
-2.0002 3.3859
-2.3365 3.6462
-2.0136 3.5514
-1.8953 3.4487
-1.74 3.1341
-2.1567 3.5871
-2.5934 3.6478
-2.618 3.8426
-2.4084 3.431
-2.2578 3.0888
-2.5064 3.4395
-2.1747 3.4278
-2.6341 3.7461
-2.6724 3.5626
-2.4019 2.9433
-2.5633 3.2451
-2.0606 2.9073
-2.7771 3.8227
-2.7705 3.4402
-2.6714 3.2099
-2.5554 3.1638
-2.3456 2.6451
-2.5674 3.1863
-2.6582 3.3236
-2.9074 2.9982
-2.8409 3.0582
-2.427 2.7266
-2.3262 3.0472
-2.4004 3.1447
-2.1519 2.5085
-2.0115 2.5462
-1.925 2.5406
-1.7936 2.7657
-2.0408 3.0935
-1.7732 2.9066
-1.8682 2.8211
-1.8251 2.884
-1.3889 2.6741
-1.3666 2.6286
-1.1706 1.8128
-1.3383 2.2721
-1.4517 2.3371
-1.434 2.3993
-1.2518 2.1478
-1.5879 2.2754
-1.2139 1.9495
-1.1387 1.6962
-1.2732 1.9636
-1.3765 2.0912
-1.3927 1.6427
-1.1037 1.7553
-1.2136 2.0786
-1.2322 2.1728
-1.3992 2.4623
-1.8946 2.5348
-1.3398 1.6167
-1.6201 2.1156
-1.7254 2.3868
-1.5972 2.4272
-1.7065 2.3922
-1.5177 2.2594
-1.2731 2.1224
-1.4433 2.5276
-1.2392 2.2626
-1.3887 2.6631
-1.3695 3.0318
-1.5745 2.6369
-1.5644 2.5468
-1.1883 1.7289
-1.0585 1.5792
-0.91044 1.6441
-1.1348 1.5293
-0.9773 1.163
-0.90396 1.5553
-1.1558 1.5339
-1.1237 1.7597
-1.0264 1.7625
-1.149 1.9155
-1.4522 1.9794
-1.5053 1.9042
-1.3588 1.6904
-1.2326 1.4427
-1.1063 1.8913
-1.3993 1.8329
-1.4487 1.9276
-1.4071 1.8316
-1.4476 1.9265
-1.1233 1.8805
-1.1839 1.4096
-1.0569 1.3738
-1.1896 1.4995
-0.99229 1.7435
-1.2458 1.5688
-1.3348 1.7411
-1.2953 1.6031
-1.3218 1.6408
-2.4621 3.368
-3.368 3.4386
-3.1676 3.5001
-3.6525 3.9877
-3.8881 4.1115
-3.277 3.2179
-3.2185 3.4806
-3.8133 3.2834
-3.212 3.06
-3.4283 3.2753
-3.1373 3.1811
-3.0921 2.9948
-2.9082 2.4714
-2.7804 2.6582
-2.9484 2.3743
-2.9219 2.5725
-2.8549 2.2237
-2.8674 2.4239
-2.864 2.4837
-2.9578 2.7739
-2.7762 2.3895
-2.8025 2.5556
-3.0234 2.3003
-3.0054 2.4479
-2.7093 2.2751
-2.3424 1.9947
-2.313 2.2543
-2.6011 1.9937
-2.6581 2.1905
-2.6305 2.1684
-2.2596 1.9718
-2.089 2.0989
-2.2922 2.5109
-2.3199 1.9634
-2.2008 2.2281
-2.4313 2.209
-2.3178 2.2011
-2.3248 2.0849
-2.425 2.4129
-2.3106 2.2368
-2.2076 1.9737
-2.3641 2.1083
-2.3265 1.9792
-2.0326 1.7133
-1.7233 1.7582
-2.0507 1.9778
-1.8993 1.7842
-1.8518 1.9112
-1.9109 1.7496
-1.4828 1.5656
-1.5794 1.7165
-1.6732 1.6877
-1.741 1.8995
-2.0125 1.6148
-1.5232 1.3189
-1.6087 1.2409
-1.8659 1.153
-1.5564 1.3576
-1.6478 1.0597
-1.7003 1.3004
-1.6934 1.2254
-1.2063 0.22873
-0.38756 -1.0973
-0.36259 -1.0168
-0.47259 -0.74202
-0.5734 -0.65332
-0.61488 -0.5798
-0.69654 -0.52827
-0.75341 -0.35051
-0.76262 -0.53576
-0.52071 -0.85007
-0.30097 -1.3213
-0.51147 -0.81808
-0.59327 -0.643
-0.61861 -0.61727
-0.60321 -0.63817
-0.595 -0.63429
-0.6645 -0.50408
-0.63924 -0.66904
-0.53416 -0.75413
-0.30048 -1.2005
-0.45867 -0.83085
-0.49267 -0.7594
-0.51733 -0.7761
-0.37257 -1.1025
-0.28718 -1.285
-0.39705 -0.86821
-0.49546 -0.83631
-0.55976 -0.67651
-0.51993 -0.81628
-0.59213 -0.65885
-0.5686 -0.77361
-0.63205 -0.63898
-0.60306 -0.69018
-0.65328 -0.63436
-0.67902 -0.52636
-0.68195 -0.66049
-0.73749 -0.53583
-0.63771 -0.79101
-0.47699 -1.0132
-0.40399 -1.1321
-0.53079 -0.89504
-0.56402 -0.79202
-0.54019 -0.88681
-0.6184 -0.73577
-0.60657 -0.79513
-0.64704 -0.72391
-0.61961 -0.87079
-0.51559 -1.0195
-3.3065 3.5558
-4.0274 4.0651
-3.3269 3.6074
-3.7825 3.2173
-3.0714 3.4296
-3.7179 3.5005
-3.9925 3.3582
-3.095 2.885
-2.7937 3.1506
-3.0305 2.8068
-3.487 2.499
-2.6095 2.3932
-2.8329 2.9939
-2.9537 2.7027
-3.5513 2.459
-3.3687 2.4691
-2.8556 2.4215
-3.3985 2.5723
-3.2597 2.6608
-3.5032 2.4534
-3.0376 2.2656
-2.9124 2.5555
-3.2114 2.3525
-2.9508 2.2883
-2.637 2.127
-2.9739 1.907
-2.6064 1.8646
-2.4425 1.9921
-2.1762 1.6111
-2.5441 1.6507
-2.2944 1.589
-2.3244 1.5432
-2.4253 1.7507
-2.6075 1.5214
-2.1316 1.3573
-2.1056 1.523
-2.2347 2.1133
-2.4519 1.572
-1.9152 1.4056
-1.865 1.4586
-2.0109 1.3407
-2.1 1.103
-2.1108 1.1212
-1.896 1.4234
-1.8323 1.3195
-1.9446 1.6082
-1.9505 1.5959
-1.8744 1.343
-1.7072 1.2445
-2.0149 1.3324
-1.7651 1.0363
-1.7574 1.1445
-1.9763 1.4103
-1.9259 1.2017
-1.985 1.2695
-1.9225 1.2517
-1.9552 1.3042
-1.8854 1.2472
-1.7842 1.0531
-1.6984 0.99012
-1.7111 0.97491
-1.7348 1.1543
-1.7328 1.0351
-1.7816 1.1477
-1.7485 1.1261
-1.7798 1.1507
-1.7887 1.2746
-1.7715 1.1883
-1.7744 1.3135
-1.6723 1.0148
-1.6421 0.90079
-1.6533 1.04
-1.6675 1.107
-1.6725 1.2306
-1.6424 1.1134
-1.6565 1.1542
-1.6716 1.3112
-1.6588 1.1735
-1.7033 1.2636
-1.6727 1.3249
-1.6982 1.2503
-1.7246 1.3263
-1.5998 1.0325
-1.5208 0.84029
-1.4768 0.87898
-1.4911 0.91819
-1.532 1.0726
-1.5218 0.96434
-1.5641 1.1805
-1.5879 1.0434
-1.6275 1.154
-1.6135 1.1138
-1.6272 1.0807
-1.6461 1.1165
-1.5369 0.79445
-1.4967 0.74299
-1.4695 0.68294
-1.5247 0.8844
-1.5158 0.86574
-1.5638 0.88318
-1.6072 1.0583
-1.6122 0.95718
-1.6813 1.1253
-1.6382 0.98197
-1.6532 1.0157
-1.635 0.95694
-1.564 0.71487
-1.4664 0.65273
-1.4287 0.52594
-1.4941 0.73494
-1.454 0.69464
-1.491 0.71364
-1.5202 0.85098
-1.5357 0.72539
-1.5747 0.84486
-1.4765 0.66967
-1.4117 0.49913
-1.314 0.42081
-1.4349 0.50393
-1.5288 0.71667
-1.5089 0.60256
-1.5071 0.62112
-2.1852 2.2496
-3.2797 3.2613
-2.9804 2.9719
-3.144 3.3204
-3.3194 3.5383
-3.6374 2.8046
-2.9323 3.0411
-3.0796 3.3136
-3.6126 2.9937
-2.9256 2.3842
-2.5983 2.7108
-2.9489 2.7773
-3.4868 2.3862
-2.9694 2.3761
-3.0352 2.4046
-3.1534 2.2283
-2.7713 2.3183
-3.2247 2.2217
-2.2757 2.0353
-2.6949 2.4762
-3.1108 2.1939
-2.6779 2.3076
-2.8167 2.0979
-2.2879 1.8331
-2.1786 1.6841
-2.5418 1.6364
-2.163 1.6518
-2.3045 1.4027
-2.3303 1.5397
-2.1585 1.2919
-2.0469 1.2644
-1.9823 1.4876
-2.088 0.95746
-2.073 0.95447
-2.1066 1.264
-1.7785 0.79853
-1.7958 0.84338
-0.41313 -1.5886
-0.44925 -1.5348
-0.54419 -1.2873
-0.53128 -1.3003
-0.62384 -1.1084
-0.56288 -1.2794
-0.43657 -1.4897
-0.13748 -1.8904
-0.13306 -1.8943
-0.19938 -1.6422
-0.18115 -1.7399
-0.21777 -1.6571
-0.1606 -1.7356
-0.17766 -1.6608
-0.21616 -1.6083
-0.15933 -1.7218
-0.069655 -1.739
0.19539 -2.2239
0.19793 -2.2239
0.19607 -2.0448
0.17857 -2.1339
0.16443 -1.9744
0.18976 -2.0946
0.15018 -1.9223
0.13188 -1.9829
0.12598 -1.9304
0.16673 -1.8803
0.154 -1.9474
0.16067 -1.8959
0.26471 -2.2474
0.37209 -2.3323
0.39739 -2.3338
0.35651 -2.1638
0.37753 -2.1915
0.32492 -2.1658
0.33 -2.0305
0.28941 -2.0796
0.26441 -1.9543
0.31032 -2.1326
0.28449 -2.0689
0.4157 -2.4006
0.461 -2.4327
0.47027 -2.4031
0.43289 -2.3389
0.4234 -2.2613
0.4186 -2.3378
0.37396 -2.1741
0.36808 -2.2635
0.32501 -2.1188
0.36391 -2.2316
0.35894 -2.2585
0.40912 -2.3014
0.50683 -2.5375
0.51064 -2.4426
0.48817 -2.4456
0.45391 -2.3331
0.45398 -2.3317
0.41431 -2.3085
0.36863 -2.1333
0.37608 -2.272
0.35207 -2.1643
0.3901 -2.2396
0.37563 -2.3107
0.47776 -2.4064
0.63612 -2.477
0.6707 -2.5976
0.56374 -2.4526
0.53512 -2.3047
0.53333 -2.3939
0.47351 -2.3242
0.44799 -2.2076
0.41652 -2.3836
0.4605 -2.3193
0.53844 -2.4533
0.60817 -2.5982
0.62248 -2.5832
0.59402 -2.5381
0.49186 -2.3954
0.46151 -2.3691
0.4589 -2.3824
0.42024 -2.2171
0.43532 -2.328
0.37804 -2.2994
0.37662 -2.2068
0.37435 -2.3993
0.44784 -2.3837
0.58718 -2.4782
0.58987 -2.6528
0.60545 -2.5207
0.56996 -2.4305
0.52846 -2.3783
0.48983 -2.2394
0.52593 -2.3723
0.4832 -2.3933
0.55613 -2.4172
0.66623 -2.4099
0.79221 -2.7008
0.7588 -2.64
0.65411 -2.4162
0.61546 -2.459
0.53459 -2.4121
0.51955 -2.2856
0.56537 -2.4725
0.58784 -2.5216
0.69122 -2.5602
0.74915 -2.7412
0.57965 -2.4792
0.50712 -2.3097
0.49866 -2.4521
0.47778 -2.4388
0.52414 -2.431
0.64546 -2.7273
0.70011 -2.7978
0.6632 -2.5859
0.69418 -2.7311
0.66625 -2.7381
0.74218 -2.7954
0.89041 -2.9285
0.92011 -3.1067
0.84796 -2.9342
0.73503 -2.6864
0.70066 -2.7988
0.73808 -2.8277
0.74483 -2.725
0.79127 -2.881
0.74051 -2.9037
0.91217 -3.0581
1.0762 -3.1685
0.97875 -3.2373
0.87185 -2.992
0.98896 -3.0973
1.1131 -3.4127
0.97301 -3.1786
0.90078 -3.0082
0.85828 -3.1141
0.97899 -3.2441
1.1013 -3.4087
0.9339 -3.1959
0.84498 -2.9749
0.91062 -3.2071
1.0304 -3.3951
0.94509 -3.1735
-0.95384 0.41855
-3.7009 3.1527
-4.2899 3.5994
-4.0012 3.3182
-3.9561 3.3441
-3.5848 3.0584
-3.4507 3.5205
-3.7823 3.8883
-3.5388 3.237
-3.429 2.986
-3.3478 3.3319
-3.596 3.5878
-4.0766 4.1863
-3.6758 3.5855
-3.1341 3.4508
-3.4357 3.633
-3.5347 3.2958
-3.3017 2.9706
-3.182 3.2915
-3.499 3.5354
-3.6137 3.284
-3.4199 3.1582
-3.2537 3.353
-3.4864 3.6181
-3.4927 3.122
-3.3542 3.0796
-3.0509 2.746
-3.1728 3.3395
-3.3417 3.2295
-3.167 2.7604
-2.7691 2.4598
-2.8266 2.7682
-2.9329 3.1256
-2.9632 2.6811
-3.1687 2.9291
-2.9494 2.4657
-2.7598 2.5601
-2.7569 2.8097
-2.7245 2.7454
-2.5746 2.4239
-2.5291 2.2694
-2.4476 2.0127
-2.2871 1.5305
-2.1242 1.5095
-2.203 1.9267
-2.2108 2.0272
-2.113 1.8458
-2.2642 2.0528
-2.2244 1.7895
-2.1094 1.5764
-2.0716 1.5746
-2.0792 1.5701
-1.9435 1.4402
-1.78 1.2167
-1.8069 1.3917
-1.8538 1.44
-1.84 1.5922
-1.692 1.3546
-1.7003 1.3417
-1.5986 1.2507
-1.5394 1.191
-1.4638 1.1115
-1.4601 1.0624
-1.4551 1.1695
-1.4444 1.1013
-1.4634 1.2643
-1.4566 1.1521
-1.4582 1.2544
-1.4419 1.1985
-1.4057 1.0807
-1.3092 0.99245
-1.1868 0.60537
-1.1087 0.6675
-1.1144 0.69777
-1.1029 0.87365
-1.0735 0.80267
-1.0797 0.77387
-0.88875 0.5087
-0.82975 0.32403
-0.82925 0.45676
-0.88927 0.45435
-0.92126 0.62942
-0.92386 0.5567
-0.97566 0.69058
-1.4582 1.4985
-2.93 3.5753
-3.3439 3.6675
-3.3823 3.4995
-3.4412 3.557
-3.4004 3.4216
-3.0132 3.2067
-3.0383 3.6284
-3.4382 3.8781
-3.3082 3.3985
-2.9867 3.0685
-2.906 3.2786
-3.2572 3.7458
-3.0549 3.0865
-2.9541 2.7914
-2.9438 2.8896
-2.7746 3.0074
-2.812 3.1055
-2.9383 2.9792
-2.8117 2.5478
-2.7107 2.4604
-2.7019 2.773
-2.6797 3.0076
-2.662 2.8064
-2.484 2.2799
-2.2933 1.7954
-1.9265 1.1905
-2.1354 1.7219
-2.1467 1.8645
-1.9925 1.745
-2.0273 1.807
-2.1479 1.822
-1.9219 1.2908
-1.7836 1.0619
-1.8249 1.3639
-1.699 0.87211
-1.3087 0.0080338
-0.58559 -1.688
-0.95364 -1.4339
-0.88966 -1.0063
-1.0334 -0.64998
-1.1995 -0.43102
-0.57658 -1.5998
0.011193 -2.6031
0.20826 -2.7646
0.10671 -2.5238
0.10648 -2.5189
0.15425 -2.4723
0.22625 -2.6386
0.24823 -2.5726
0.34471 -2.7599
0.36267 -2.7354
0.4837 -2.9043
0.46932 -2.879
0.52155 -2.9275
0.53398 -2.9717
0.63467 -3.1063
0.83742 -3.52
0.87767 -3.4671
0.89158 -3.4892
0.87853 -3.3764
0.94839 -3.4924
0.95041 -3.4503
1.0186 -3.5154
0.99692 -3.4801
0.98359 -3.4888
0.96785 -3.5446
0.99211 -3.5089
0.99209 -3.5316
0.99147 -3.4424
1.0445 -3.5675
1.0519 -3.5358
1.1983 -3.7943
1.3155 -3.8624
1.3511 -3.9424
1.3016 -3.7891
1.3052 -3.8178
1.3375 -3.8142
1.3344 -3.7849
1.3285 -3.8418
1.3041 -3.7661
1.3156 -3.8371
1.221 -3.7566
1.2624 -3.8342
1.2228 -3.7599
1.219 -3.916
1.2815 -3.9442
1.4267 -4.1269
1.4518 -4.256
1.425 -4.059
1.4185 -4.1461
1.4327 -4.0227
1.4316 -4.125
1.4147 -4.0099
1.4398 -4.0709
1.4009 -4.0278
1.4129 -3.9609
1.3754 -4.0252
1.3844 -3.9319
1.3986 -4.0773
1.42 -4.0576
1.5089 -4.2637
1.5803 -4.3851
1.6098 -4.2882
1.5819 -4.2732
1.5695 -4.1339
1.5874 -4.2231
1.535 -4.128
1.5108 -4.1195
1.5305 -4.1479
1.5055 -4.0261
1.5152 -4.1522
1.5015 -4.0992
1.5868 -4.2068
1.6413 -4.3464
1.7047 -4.489
1.7924 -4.4235
1.7865 -4.4567
1.7474 -4.3935
1.7184 -4.2466
1.7303 -4.3782
1.696 -4.3459
1.6598 -4.314
1.7163 -4.5223
1.7558 -4.5636
1.834 -4.6842
1.8267 -4.7122
1.7671 -4.4622
1.7796 -4.5644
1.7612 -4.558
1.7759 -4.5211
1.781 -4.6614
1.8131 -4.7076
1.9069 -4.8729
1.8294 -4.7578
1.7847 -4.5381
1.7637 -4.6267
1.7522 -4.4905
1.771 -4.6339
1.7467 -4.6598
1.8367 -4.7081
1.9719 -4.7766
2.0113 -4.8306
1.918 -4.798
1.8955 -4.6924
1.9231 -4.6161
1.9156 -4.7731
1.9298 -4.7456
2.0052 -4.7706
2.0932 -4.9475
1.9948 -4.9222
1.9606 -4.7144
1.9538 -4.7253
1.8802 -4.7705
1.8934 -4.6761
1.9154 -4.4989
1.9232 -4.6357
1.8596 -4.6435
1.861 -4.5983
1.9405 -4.5737
1.979 -4.6054
1.9616 -4.8382
2.0194 -4.916
2.0867 -4.8627
2.062 -4.8145
1.9694 -4.741
1.9438 -4.6641
1.9695 -4.5682
2.0268 -4.7585
1.9705 -4.731
2.007 -4.7059
1.8788 -4.2163
1.7924 -4.3537
1.8117 -4.5088
1.8789 -4.4251
2.0213 -4.8215
1.9788 -4.8344
1.8832 -4.4592
1.8575 -4.4945
1.7881 -4.536
1.8231 -4.4347
1.8164 -4.197
1.8221 -4.2975
1.7177 -4.3822
1.7811 -4.3819
1.8411 -4.356
1.9675 -4.6109
1.9759 -4.7899
1.9908 -4.7271
1.9666 -4.4614
1.946 -4.5734
1.882 -4.5301
1.8984 -4.4293
1.8956 -4.2622
1.8812 -4.4395
1.8561 -4.4055
1.882 -4.307
1.9077 -4.3044
1.8872 -4.5482
1.931 -4.657
2.035 -4.6987
2.1562 -4.783
2.0091 -4.6608
1.9782 -4.5179
1.9735 -4.3437
1.9556 -4.5221
1.8561 -4.467
1.9043 -4.4762
1.9655 -4.363
2.0666 -4.5908
2.0326 -4.6787
2.1262 -4.7625
2.1689 -4.6397
2.0612 -4.6281
1.9826 -4.5202
2.0104 -4.3685
2.0401 -4.4678
1.9364 -4.4789
2.0085 -4.4632
2.0488 -4.3601
2.0419 -4.6003
2.1078 -4.6945
2.204 -4.7415
2.1911 -4.578
2.1393 -4.5979
2.0666 -4.5295
2.097 -4.4404
2.0959 -4.2689
2.004 -4.3845
1.983 -4.3248
2.0251 -4.2814
2.0851 -4.3205
2.0678 -4.5246
2.1122 -4.6049
2.2065 -4.6366
2.2739 -4.7059
2.1288 -4.5881
2.0983 -4.3948
2.1124 -4.3232
2.0351 -4.4813
2.0384 -4.4564
2.1259 -4.4559
2.1808 -4.4276
2.2144 -4.7261
2.2163 -4.7828
2.2335 -4.6971
2.189 -4.5379
2.0939 -4.5467
2.0671 -4.4701
2.0866 -4.3038
2.0946 -4.3859
1.9789 -4.3924
1.9997 -4.3418
2.0277 -4.199
2.0481 -4.3439
1.986 -4.4413
1.9975 -4.4429
2.1188 -4.3938
2.1731 -4.6857
2.1579 -4.7371
2.1093 -4.6659
2.15 -4.4152
2.0833 -4.5313
2.0481 -4.4674
2.0626 -4.3768
2.1189 -4.268
2.0385 -4.3784
1.9942 -4.3156
2.0297 -4.1882
2.0781 -4.1731
1.9604 -4.3285
2.0031 -4.2898
2.0569 -4.1882
2.0501 -4.1725
1.9996 -4.322
2.0285 -4.3331
2.0877 -4.3765
2.2169 -4.57
2.1787 -4.6221
2.1656 -4.4452
2.1696 -4.2141
2.16 -4.3015
2.0513 -4.2924
2.0381 -4.2151
2.0443 -4.0498
2.0984 -4.2036
1.9923 -4.238
2.0337 -4.2435
2.0611 -4.1758
2.1759 -4.4553
2.1379 -4.5872
2.2162 -4.6365
2.2045 -4.3282
2.1744 -4.3818
2.0815 -4.3473
2.0849 -4.288
2.1028 -4.1183
2.1008 -4.3551
2.0495 -4.4024
2.1606 -4.5034
2.2417 -4.5188
2.208 -4.6024
2.1135 -4.4787
2.1475 -4.3682
2.151 -4.2016
2.1474 -4.3906
2.054 -4.4656
2.1468 -4.4827
2.2465 -4.4804
2.328 -4.7017
2.1997 -4.6401
2.1285 -4.3595
2.1466 -4.4113
2.0529 -4.4057
2.0769 -4.2618
2.078 -4.4601
2.0358 -4.4939
2.142 -4.5697
2.2732 -4.6501
2.2987 -4.4128
2.2483 -4.4796
2.1852 -4.5208
2.2202 -4.5058
2.2757 -4.5126
2.3266 -4.7199
2.227 -4.6427
2.1369 -4.4233
2.1614 -4.472
2.0609 -4.4753
2.0501 -4.4086
2.1226 -4.4398
2.1822 -4.4105
2.1913 -4.6741
2.1892 -4.7268
2.1585 -4.1253
-1.4621 1.8254
-4.3347 3.8404
-4.5183 4.2367
-3.7045 3.5704
-3.4832 3.4892
-3.9437 3.8441
-3.7455 3.4361
-3.2855 3.4333
-3.6761 3.9747
-3.6836 3.4569
-3.3777 3.1303
-3.4058 3.6151
-3.5895 3.6599
-3.6487 3.4384
-3.3852 3.1448
-3.1761 3.1514
-3.2496 3.4468
-3.414 3.1737
-3.3645 3.0991
-3.171 3.0166
-3.1607 3.1788
-3.1573 3.2921
-3.2567 3.2661
-3.2057 3.083
-2.9491 2.6535
-2.954 2.9959
-2.9012 3.0269
-2.8914 2.925
-2.8792 2.7889
-2.8107 2.5072
-2.5049 2.1279
-2.5758 2.4747
-2.7029 2.7879
-2.5555 2.3079
-2.4164 2.1521
-2.371 2.019
-2.394 1.945
-2.2752 1.7251
-2.248 1.7461
-2.3811 2.2327
-2.367 2.1347
-2.4472 2.0934
-2.4608 2.1611
-2.4388 2.1144
-2.3334 2.008
-2.332 1.9538
-2.4779 2.2557
-2.5462 2.4484
-2.5264 2.4387
-2.2956 2.1737
-2.1683 2.226
-2.354 2.6468
-2.4487 2.7023
-2.3992 2.448
-2.0806 1.8873
-2.0159 1.6416
-2.0416 1.9093
-2.0624 2.065
-2.1288 2.2584
-2.0261 2.304
-2.2794 2.8187
-2.485 3.1134
-2.6238 3.0117
-2.8209 3.4059
-2.5157 2.6608
-2.3865 2.579
-2.4612 2.7672
-2.3989 2.5738
-2.0926 2.0218
-1.9362 1.6988
-1.5064 1.0434
-1.5336 1.4762
-1.7478 2.0038
